9 9
7 2
1 1 1 1 1 1 1 1 1
1 0 0 0 0 0 0 0 1
1 0 3 3 0 2 2 0 1
1 0 3 3 0 2 0 0 1
1 0 1 1 1 0 2 0 1
1 0 0 0 0 0 2 0 1
1 0 0 1 1 1 0 0 1
1 0 0 0 3 0 0 0 1
1 1 1 1 1 1 1 1 1

ver56
Algorithm    | Time (s)   | Visited    | Generated  | Max Mem    | Pruned   | Pushes   | Moves 
-----------------------------------------------------------------------------------------------
BFS          | 28.9491    | 743031     | 785891     | 48565      | 134581   | 19       | 43    
DFS          | 20.9425    | 539731     | 547302     | 7574       | 109315   | 1765     | 12903 
BestFS       | 0.9242     | 135        | 208        | 74         | 15       | 19       | 47    
Dijkstra     | 38.9681    | 1027040    | 1038429    | 22787      | 150555   | 19       | 43    
A*           | 5.6440     | 151021     | 178913     | 28068      | 39933    | 19       | 43    